# PSNR SSIM RMSE PCC
24.368145 0.597363 0.060511 0.849111
24.344346 0.599167 0.060673 0.849270
24.230811 0.598637 0.061475 0.848234
24.542954 0.600416 0.059305 0.851013
24.547370 0.601217 0.059273 0.851150
24.618962 0.602160 0.058784 0.853503
24.668760 0.603488 0.058449 0.854521
24.723905 0.603852 0.058079 0.854683
24.779014 0.605315 0.057709 0.854697
24.888343 0.607108 0.056987 0.856855
24.983426 0.608281 0.056365 0.856897
25.074105 0.609416 0.055783 0.859923
25.143001 0.610224 0.055342 0.860859
25.149169 0.611906 0.055301 0.859642
25.254973 0.612618 0.054634 0.861972
25.290279 0.612666 0.054415 0.862906
25.300225 0.615186 0.054350 0.862363
25.417198 0.616409 0.053625 0.865424
25.449319 0.616071 0.053431 0.864985
25.559479 0.616439 0.052758 0.867464
25.520704 0.616600 0.052994 0.866717
25.601992 0.617077 0.052502 0.868702
25.567769 0.618264 0.052710 0.869949
25.707740 0.617010 0.051868 0.871034
25.778707 0.619516 0.051448 0.872941
25.833366 0.619910 0.051128 0.873746
25.835667 0.620281 0.051119 0.873734
25.887976 0.620492 0.050810 0.874952
25.914721 0.621512 0.050655 0.875805
25.906188 0.620999 0.050708 0.875352
25.943344 0.619802 0.050493 0.876184
25.909817 0.620060 0.050690 0.875850
25.968661 0.620085 0.050347 0.876989
25.996478 0.619255 0.050184 0.877674
25.991566 0.618338 0.050215 0.877490
26.000379 0.618642 0.050164 0.877541
26.009974 0.618482 0.050108 0.878227
25.985758 0.619226 0.050250 0.877577
26.027237 0.618573 0.050008 0.878379
25.986690 0.618622 0.050245 0.877544
26.006502 0.619876 0.050133 0.877970
26.041364 0.620696 0.049930 0.879192
26.029155 0.621889 0.050006 0.878994
26.047640 0.621654 0.049896 0.879088
26.060585 0.619581 0.049822 0.879282
26.103537 0.623315 0.049580 0.880418
26.107702 0.624466 0.049558 0.880625
26.094348 0.625085 0.049637 0.880298
26.097395 0.624996 0.049622 0.880300
26.104703 0.624553 0.049579 0.880511
26.109395 0.625034 0.049555 0.880667
26.122062 0.625441 0.049481 0.881018
26.128918 0.625961 0.049442 0.881210
26.106991 0.626389 0.049568 0.880855
26.113802 0.625769 0.049533 0.880727
26.109197 0.626154 0.049560 0.880704
26.126649 0.626019 0.049460 0.881082
26.129911 0.625752 0.049441 0.881152
26.124030 0.625827 0.049475 0.881044
26.136071 0.626734 0.049406 0.881387
26.144566 0.626571 0.049358 0.881588
26.125209 0.627298 0.049471 0.881150
26.133517 0.626711 0.049425 0.881297
26.145564 0.627106 0.049355 0.881696
26.149840 0.627230 0.049330 0.881724
26.161787 0.627557 0.049265 0.881964
26.164125 0.627602 0.049253 0.882057
26.168499 0.628005 0.049227 0.882228
26.163290 0.628414 0.049259 0.882063
26.157111 0.628041 0.049295 0.881869
26.167246 0.628215 0.049236 0.882178
26.168487 0.627826 0.049229 0.882158
26.161002 0.628348 0.049274 0.882053
26.167049 0.628093 0.049240 0.882109
26.179816 0.628114 0.049164 0.882462
26.168934 0.628340 0.049229 0.882233
26.170066 0.628265 0.049223 0.882225
26.169636 0.628794 0.049226 0.882294
26.182733 0.628139 0.049149 0.882594
26.171799 0.628633 0.049214 0.882283
26.172552 0.628517 0.049210 0.882375
26.180508 0.628573 0.049164 0.882507
26.181635 0.628369 0.049158 0.882506
26.180560 0.628564 0.049165 0.882517
26.185091 0.628620 0.049138 0.882587
26.186299 0.628901 0.049134 0.882640
26.184862 0.629186 0.049142 0.882645
26.184293 0.629296 0.049146 0.882622
26.186637 0.629222 0.049133 0.882654
26.186564 0.629142 0.049133 0.882610
26.186807 0.629208 0.049132 0.882646
26.181980 0.629195 0.049161 0.882523
26.185287 0.629279 0.049141 0.882599
26.189392 0.629057 0.049118 0.882745
26.190185 0.629023 0.049113 0.882727
26.189898 0.629201 0.049115 0.882754
26.190604 0.629300 0.049111 0.882732
26.189263 0.629212 0.049119 0.882728
26.191767 0.629268 0.049105 0.882791
26.189695 0.629492 0.049117 0.882757
26.189804 0.629447 0.049117 0.882755
26.183179 0.629689 0.049156 0.882613
26.192318 0.629463 0.049102 0.882789
26.197933 0.629400 0.049069 0.882930
26.189586 0.629574 0.049119 0.882738
26.191782 0.629419 0.049107 0.882763
26.188521 0.629622 0.049125 0.882720
26.196744 0.629340 0.049077 0.882877
26.192688 0.629589 0.049101 0.882807
26.195772 0.629485 0.049083 0.882918
26.191047 0.629564 0.049111 0.882761
26.195905 0.629525 0.049083 0.882874
26.194430 0.629581 0.049093 0.882877
26.191086 0.629918 0.049112 0.882838
26.195944 0.629829 0.049084 0.882890
26.195997 0.629744 0.049084 0.882901
26.195679 0.629744 0.049085 0.882875
26.192725 0.629943 0.049103 0.882818
26.202320 0.629631 0.049047 0.883062
26.196404 0.629765 0.049083 0.882889
26.202024 0.629759 0.049049 0.883053
26.198167 0.629916 0.049072 0.882969
26.198115 0.629846 0.049073 0.882949
26.200439 0.629864 0.049059 0.883039
26.194970 0.630107 0.049091 0.882932
26.199726 0.629942 0.049064 0.883028
26.202526 0.629800 0.049048 0.883041
26.198055 0.630015 0.049074 0.882943
26.200545 0.629979 0.049060 0.883031
26.201130 0.629950 0.049056 0.883049
26.204017 0.629873 0.049040 0.883096
26.207297 0.629815 0.049021 0.883149
26.202603 0.630128 0.049048 0.883072
26.201990 0.630025 0.049052 0.883056
26.203763 0.630096 0.049042 0.883081
26.200248 0.630288 0.049063 0.883045
26.202763 0.630109 0.049048 0.883065
26.208165 0.629982 0.049017 0.883190
26.207809 0.630113 0.049019 0.883172
26.202955 0.630107 0.049047 0.883084
26.208446 0.630083 0.049015 0.883218
26.205405 0.630283 0.049033 0.883169
26.200833 0.630171 0.049060 0.883041
26.207339 0.630221 0.049022 0.883167
26.203764 0.630303 0.049043 0.883208
26.203692 0.630304 0.049043 0.883122
26.208126 0.630348 0.049018 0.883235
26.207515 0.630232 0.049022 0.883189
26.206600 0.630290 0.049027 0.883151
26.210394 0.630172 0.049006 0.883227
26.205856 0.630436 0.049033 0.883152
26.212990 0.630306 0.048991 0.883306
26.211714 0.630380 0.048999 0.883295
26.210323 0.630392 0.049007 0.883247
26.212230 0.630382 0.048996 0.883292
26.207572 0.630560 0.049023 0.883193
26.206780 0.630723 0.049028 0.883196
26.205310 0.630503 0.049037 0.883121
26.212570 0.630570 0.048993 0.883349
26.206503 0.630681 0.049030 0.883181
26.212167 0.630513 0.048997 0.883315
26.213284 0.630682 0.048990 0.883384
26.214697 0.630513 0.048983 0.883395
26.213389 0.630576 0.048990 0.883356
26.210858 0.630642 0.049006 0.883274
26.211215 0.630912 0.049003 0.883309
26.209567 0.630776 0.049013 0.883265
26.213510 0.630565 0.048990 0.883315
26.213921 0.630791 0.048988 0.883375
26.216288 0.630488 0.048975 0.883410
26.211794 0.630831 0.049001 0.883337
26.213819 0.630715 0.048989 0.883370
26.216262 0.630742 0.048975 0.883418
26.220035 0.630612 0.048953 0.883500
26.214665 0.630888 0.048985 0.883355
26.219129 0.630852 0.048958 0.883496
26.221374 0.630737 0.048946 0.883551
26.219133 0.630824 0.048959 0.883510
26.214489 0.630875 0.048986 0.883359
26.208507 0.631169 0.049021 0.883267
26.221952 0.630802 0.048943 0.883522
26.218800 0.630716 0.048962 0.883476
26.219803 0.630851 0.048955 0.883499
26.220092 0.630871 0.048954 0.883522
26.218496 0.631027 0.048964 0.883498
26.220128 0.630857 0.048955 0.883518
26.225374 0.630775 0.048925 0.883599
26.221840 0.630931 0.048945 0.883560
26.214151 0.631096 0.048990 0.883367
26.222323 0.630956 0.048942 0.883572
26.219477 0.631121 0.048959 0.883559
26.219873 0.631058 0.048958 0.883513
26.218844 0.631163 0.048963 0.883498
26.224219 0.630940 0.048932 0.883636
26.222313 0.631038 0.048943 0.883565
26.220149 0.631177 0.048957 0.883574
26.225190 0.630880 0.048926 0.883658
26.221216 0.630876 0.048950 0.883502
26.224385 0.630951 0.048932 0.883616
26.225709 0.630960 0.048924 0.883663
26.227531 0.630935 0.048914 0.883708
26.222655 0.631041 0.048942 0.883611
26.223599 0.631135 0.048937 0.883622
26.222074 0.631248 0.048946 0.883581
26.222577 0.631351 0.048943 0.883604
26.231782 0.630748 0.048888 0.883789
26.223041 0.631326 0.048941 0.883630
26.223712 0.631216 0.048937 0.883579
26.226252 0.631249 0.048922 0.883704
26.224951 0.631331 0.048930 0.883645
26.222671 0.631338 0.048944 0.883564
26.221426 0.631407 0.048951 0.883572
26.231685 0.631195 0.048891 0.883760
26.227247 0.631147 0.048917 0.883683
26.229805 0.631246 0.048902 0.883719
26.224811 0.631518 0.048932 0.883644
26.232375 0.631150 0.048887 0.883812
26.228737 0.631364 0.048908 0.883713
26.226770 0.631478 0.048920 0.883701
26.232046 0.631280 0.048889 0.883802
26.233620 0.631301 0.048881 0.883843
26.229110 0.631447 0.048908 0.883726
26.235598 0.631363 0.048869 0.883913
26.228893 0.631654 0.048909 0.883789
26.230540 0.631579 0.048899 0.883755
26.228445 0.631599 0.048912 0.883743
26.230158 0.631540 0.048902 0.883772
26.230002 0.631594 0.048904 0.883764
26.230577 0.631585 0.048900 0.883805
26.226725 0.631789 0.048923 0.883722
26.232748 0.631488 0.048888 0.883819
26.232228 0.631494 0.048891 0.883806
26.230392 0.631820 0.048902 0.883778
26.231985 0.631570 0.048892 0.883807
26.233324 0.631519 0.048884 0.883864
26.238610 0.631524 0.048853 0.883999
26.231891 0.631808 0.048894 0.883800
26.237334 0.631552 0.048861 0.883962
26.231601 0.631707 0.048896 0.883805
26.232278 0.631728 0.048891 0.883850
26.233541 0.631716 0.048884 0.883860
26.233424 0.631838 0.048885 0.883838
26.237812 0.631716 0.048859 0.883956
26.233787 0.631718 0.048883 0.883859
26.232466 0.631918 0.048891 0.883834
26.235707 0.631829 0.048872 0.883918
26.233591 0.631863 0.048885 0.883845
26.239700 0.631656 0.048848 0.884007
26.233242 0.631965 0.048887 0.883838
26.235347 0.631723 0.048875 0.883909
26.230056 0.631984 0.048907 0.883817
26.236449 0.631858 0.048868 0.883908
26.232113 0.632135 0.048895 0.883828
26.237972 0.631976 0.048861 0.883958
26.232193 0.632003 0.048894 0.883838
26.235117 0.632054 0.048877 0.883950
26.235238 0.632103 0.048877 0.883900
26.240210 0.631856 0.048847 0.884005
26.239498 0.631839 0.048852 0.883990
26.234220 0.632091 0.048883 0.883855
26.236811 0.632119 0.048868 0.883951
26.235805 0.632148 0.048874 0.883936
26.239442 0.631983 0.048852 0.883987
26.240878 0.632073 0.048844 0.884034
26.236890 0.632213 0.048868 0.883926
26.241994 0.631995 0.048838 0.884031
26.238380 0.632148 0.048859 0.883974
26.235824 0.632241 0.048875 0.883924
26.231872 0.632250 0.048899 0.883839
26.241208 0.631974 0.048843 0.884065
26.239836 0.632142 0.048851 0.884011
26.238000 0.632201 0.048862 0.883987
26.240427 0.632061 0.048848 0.884009
26.236994 0.632254 0.048868 0.883918
26.240974 0.632231 0.048845 0.884055
26.237873 0.632152 0.048863 0.883960
26.247329 0.631968 0.048808 0.884207
26.238991 0.632371 0.048857 0.884005
26.238288 0.632281 0.048862 0.883972
26.241319 0.632291 0.048843 0.884059
26.244077 0.632229 0.048828 0.884109
26.239008 0.632487 0.048859 0.883977
26.242258 0.632407 0.048839 0.884109
26.242546 0.632143 0.048838 0.884059
26.239093 0.632455 0.048858 0.884001
26.244888 0.632234 0.048823 0.884158
26.241685 0.632352 0.048842 0.884065
26.240816 0.632350 0.048848 0.884026
26.241253 0.632399 0.048845 0.884028
26.246187 0.632254 0.048817 0.884155
26.238290 0.632481 0.048863 0.883958
26.242209 0.632550 0.048840 0.884127
26.244881 0.632419 0.048825 0.884149
26.242216 0.632285 0.048841 0.884009
26.241861 0.632474 0.048843 0.884075
26.242766 0.632401 0.048837 0.884065
26.242405 0.632675 0.048840 0.884074
26.245502 0.632471 0.048822 0.884134
26.239757 0.632703 0.048856 0.884027
26.245765 0.632615 0.048820 0.884172
26.252796 0.632213 0.048778 0.884328
26.243704 0.632778 0.048832 0.884166
26.243943 0.632611 0.048831 0.884138
26.246220 0.632559 0.048819 0.884173
26.254586 0.632250 0.048767 0.884372
26.249798 0.632463 0.048797 0.884253
26.252752 0.632405 0.048780 0.884307
26.246626 0.632695 0.048817 0.884147
26.248348 0.632623 0.048805 0.884231
26.248796 0.632481 0.048803 0.884210
26.251655 0.632548 0.048787 0.884286
26.250085 0.632568 0.048796 0.884260
26.252370 0.632580 0.048784 0.884307
26.250667 0.632651 0.048794 0.884286
26.243333 0.633017 0.048837 0.884123
26.248308 0.632580 0.048808 0.884206
26.249006 0.632732 0.048803 0.884261
26.249351 0.632799 0.048801 0.884235
26.244326 0.632941 0.048831 0.884127
26.243031 0.633051 0.048838 0.884136
26.246770 0.632713 0.048817 0.884165
26.246983 0.632819 0.048816 0.884177
26.252673 0.632637 0.048782 0.884336
26.244277 0.632889 0.048832 0.884104
26.250032 0.632871 0.048799 0.884253
26.252280 0.632862 0.048784 0.884350
26.246131 0.632996 0.048822 0.884152
26.251583 0.632852 0.048789 0.884349
26.251161 0.632835 0.048791 0.884309
26.249528 0.632904 0.048802 0.884281
26.252896 0.632960 0.048782 0.884310
26.250259 0.632899 0.048797 0.884279
26.251956 0.633037 0.048787 0.884323
26.254790 0.632752 0.048770 0.884390
26.251908 0.632876 0.048788 0.884289
26.252980 0.632903 0.048781 0.884338
26.251220 0.632844 0.048792 0.884282
26.250241 0.633131 0.048798 0.884333
26.255280 0.632994 0.048769 0.884416
26.248143 0.633133 0.048812 0.884197
26.251552 0.633049 0.048791 0.884361
26.256296 0.633009 0.048762 0.884477
26.255606 0.632889 0.048767 0.884403
26.260167 0.632838 0.048739 0.884535
26.251910 0.633279 0.048789 0.884382
26.255919 0.633069 0.048766 0.884408
26.252719 0.633088 0.048785 0.884315
26.256976 0.633160 0.048759 0.884476
26.258601 0.632908 0.048751 0.884455
26.255811 0.632887 0.048768 0.884359
26.261916 0.632755 0.048731 0.884520
26.257423 0.633209 0.048757 0.884473
26.257425 0.633107 0.048758 0.884488
26.257277 0.633148 0.048759 0.884485
26.251236 0.633451 0.048794 0.884337
26.254266 0.633230 0.048777 0.884371
26.259227 0.633132 0.048747 0.884493
26.251594 0.633458 0.048793 0.884345
26.254871 0.633331 0.048773 0.884363
26.257559 0.633236 0.048758 0.884481
26.258932 0.633124 0.048751 0.884445
26.258299 0.633278 0.048754 0.884502
26.257275 0.633325 0.048760 0.884449
26.259605 0.633401 0.048746 0.884515
26.263344 0.633187 0.048724 0.884608
26.260923 0.633289 0.048739 0.884573
26.267345 0.632834 0.048700 0.884719
26.260606 0.633427 0.048741 0.884540
26.262546 0.633204 0.048729 0.884583
26.257784 0.633399 0.048758 0.884485
26.259893 0.633423 0.048745 0.884561
26.259174 0.633542 0.048750 0.884541
26.254414 0.633652 0.048778 0.884405
26.257213 0.633525 0.048761 0.884450
26.264120 0.633381 0.048720 0.884627
26.259288 0.633597 0.048750 0.884546
26.257609 0.633533 0.048761 0.884439
26.260322 0.633469 0.048744 0.884515
26.260195 0.633511 0.048744 0.884566
26.261170 0.633436 0.048739 0.884607
26.260934 0.633436 0.048741 0.884530
26.258726 0.633673 0.048755 0.884448
26.259376 0.633572 0.048751 0.884520
26.255152 0.633643 0.048776 0.884396
26.258321 0.633583 0.048756 0.884479
26.259914 0.633579 0.048747 0.884473
26.259878 0.633623 0.048748 0.884506
26.263094 0.633458 0.048728 0.884607
26.264805 0.633368 0.048718 0.884609
26.257398 0.633737 0.048762 0.884486
26.264906 0.633389 0.048719 0.884627
26.258334 0.633796 0.048758 0.884495
26.266571 0.633450 0.048709 0.884654
26.260197 0.633661 0.048747 0.884516
26.260064 0.633748 0.048747 0.884518
26.265104 0.633370 0.048718 0.884629
26.262233 0.633665 0.048734 0.884588
26.266317 0.633572 0.048710 0.884669
26.261004 0.633769 0.048743 0.884534
26.262202 0.633724 0.048735 0.884608
26.262959 0.633959 0.048731 0.884624
26.255582 0.634055 0.048775 0.884420
26.265755 0.633616 0.048715 0.884675
26.262530 0.633847 0.048733 0.884640
26.261965 0.633664 0.048737 0.884569
26.263949 0.633854 0.048726 0.884656
26.263824 0.633911 0.048726 0.884693
26.260333 0.633768 0.048747 0.884556
26.261682 0.633746 0.048740 0.884545
26.265078 0.633780 0.048719 0.884641
26.266216 0.633779 0.048712 0.884671
26.264678 0.633769 0.048722 0.884631
26.269856 0.633684 0.048690 0.884757
26.265937 0.633858 0.048715 0.884670
26.265431 0.633803 0.048718 0.884635
26.268194 0.633659 0.048702 0.884648
26.261185 0.633965 0.048743 0.884567
26.261236 0.633864 0.048743 0.884561
26.270630 0.633551 0.048688 0.884791
26.268106 0.633725 0.048703 0.884687
26.263851 0.633896 0.048728 0.884622
26.269758 0.633842 0.048693 0.884724
26.261147 0.633911 0.048744 0.884505
26.264856 0.633908 0.048722 0.884611
26.264833 0.633845 0.048723 0.884629
26.267377 0.634027 0.048707 0.884787
26.268012 0.634009 0.048704 0.884751
26.268130 0.634077 0.048703 0.884722
26.266022 0.634018 0.048715 0.884662
26.270030 0.633878 0.048692 0.884804
26.269791 0.633995 0.048693 0.884793
26.268782 0.633946 0.048700 0.884749
26.266786 0.633988 0.048712 0.884680
26.269584 0.634038 0.048695 0.884766
26.262389 0.634253 0.048738 0.884596
26.270784 0.633945 0.048688 0.884768
26.272007 0.633792 0.048682 0.884789
26.265901 0.634278 0.048717 0.884674
26.264954 0.634143 0.048724 0.884631
26.270817 0.633959 0.048689 0.884785
26.266481 0.634178 0.048715 0.884684
26.268392 0.634253 0.048703 0.884754
26.272463 0.634058 0.048678 0.884846
26.274684 0.633941 0.048667 0.884885
26.272759 0.633973 0.048678 0.884832
26.271485 0.633956 0.048685 0.884801
26.268490 0.634078 0.048704 0.884685
26.273638 0.634040 0.048673 0.884865
26.272214 0.633958 0.048681 0.884791
26.273965 0.633994 0.048672 0.884821
26.269588 0.634262 0.048697 0.884749
26.272344 0.634181 0.048682 0.884815
26.269493 0.634413 0.048697 0.884802
26.274963 0.634149 0.048666 0.884888
26.272736 0.634234 0.048679 0.884850
26.273797 0.634161 0.048672 0.884851
26.267963 0.634371 0.048707 0.884739
26.275249 0.634158 0.048664 0.884858
26.274105 0.634074 0.048671 0.884872
26.265073 0.634540 0.048724 0.884664
26.274280 0.634235 0.048669 0.884894
26.266167 0.634390 0.048718 0.884670
26.271960 0.634212 0.048683 0.884836
26.270395 0.634247 0.048694 0.884761
26.268223 0.634407 0.048707 0.884703
26.278899 0.634005 0.048642 0.884979
26.274643 0.634236 0.048668 0.884868
26.273346 0.634220 0.048676 0.884870
26.269572 0.634388 0.048698 0.884782
26.273988 0.634359 0.048673 0.884854
26.272209 0.634473 0.048683 0.884819
26.272588 0.634369 0.048680 0.884834
26.269889 0.634319 0.048697 0.884742
26.271128 0.634563 0.048689 0.884797
26.273131 0.634297 0.048678 0.884806
26.277151 0.634254 0.048654 0.884974
26.268086 0.634634 0.048708 0.884748
26.275866 0.633925 0.048662 0.884880
26.275053 0.634432 0.048667 0.884885
26.277285 0.634276 0.048654 0.884964
26.268876 0.634651 0.048704 0.884789
26.279077 0.634225 0.048643 0.884973
26.278083 0.634403 0.048650 0.884952
26.280196 0.634196 0.048636 0.884990
26.270422 0.634714 0.048696 0.884812
26.272425 0.634816 0.048684 0.884898
26.267899 0.634631 0.048711 0.884702
26.272186 0.634562 0.048685 0.884828
26.273369 0.634615 0.048678 0.884871
26.277826 0.634507 0.048652 0.884999
26.277543 0.634583 0.048654 0.884920
26.277460 0.634406 0.048654 0.884941
26.276351 0.634514 0.048661 0.884933
26.279781 0.634211 0.048640 0.884963
26.275806 0.634509 0.048664 0.884887
26.277485 0.634584 0.048654 0.884976
26.273364 0.634633 0.048679 0.884861
26.274174 0.634753 0.048675 0.884886
26.276897 0.634470 0.048658 0.884873
26.278332 0.634471 0.048650 0.884959
